[1] "apple"  "banana" "orange"
[1] 1 2 3 4 5
     a b c
[1,] 1 4 7
[2,] 2 5 8
[3,] 3 6 9
random_numbers
   -2.80977467896054    -2.66092279846568    -2.64314895202898    -2.60169967025765    -2.50791780219725    -2.46589819376003 
                   1                    1                    1                    1                    1                    1 
   -2.30916887564081     -2.2490510903324    -2.22498769648741    -2.21063311057562    -2.15764633501528    -2.11120837326053 
                   1                    1                    1                    1                    1                    1 
   -2.07848926886002    -2.07075107054196    -2.05324722154052    -2.05233698390195    -2.05222282043373     -2.0376824944408 
                   1                    1                    1                    1                    1                    1 
   -2.01421049792072    -1.99274848868858    -1.96661715662964     -1.9617075988853    -1.95820517465693    -1.94365090132398 
                   1                    1                    1                    1                    1                    1 
   -1.94295641358195    -1.94151837604062    -1.93850470145338    -1.92514525183712    -1.88632515873255    -1.86022757421841 
                   1                    1                    1                    1                    1                    1 
   -1.85557165391804    -1.85261682424173    -1.84847277533767    -1.79028123726406    -1.77997728796762    -1.75652739555764 
                   1                    1                    1                    1                    1                    1 
   -1.75323735914227    -1.75106751939608    -1.72830451532074    -1.72673039911433    -1.69210152086908    -1.68669331074241 
                   1                    1                    1                    1                    1                    1 
   -1.68591645453874    -1.67112705864224    -1.66794193658814    -1.66792804577932    -1.66747509758566    -1.65104889568819 
                   1                    1                    1                    1                    1                    1 
   -1.65054654342511    -1.63637926805902    -1.62185825912421    -1.61788270828916    -1.61777376538123    -1.61403945661912 
                   1                    1                    1                    1                    1                    1 
   -1.60153617357459    -1.57214415914549    -1.56528176503053    -1.54875280423022    -1.54777654363757    -1.54044240529001 
                   1                    1                    1                    1                    1                    1 
    -1.5329020028906    -1.52931053118042     -1.5160676231511    -1.51466765378175     -1.5091665373287    -1.50775731753668 
                   1                    1                    1                    1                    1                    1 
   -1.49869825452676     -1.4617555849959    -1.46064007092482    -1.45897072853692    -1.45884941443809    -1.45646591707643 
                   1                    1                    1                    1                    1                    1 
   -1.45082431349063     -1.4438931609718    -1.44203464635845    -1.43850664491452    -1.42110844750449    -1.42056550469574 
                   1                    1                    1                    1                    1                    1 
   -1.41528191976949    -1.41202579265831    -1.39527434979947    -1.38948352398816    -1.38804904760206    -1.36470945798691 
                   1                    1                    1                    1                    1                    1 
   -1.36403745208238    -1.35984070382139    -1.35807905937061     -1.3538343357226    -1.35110038570333    -1.35090268603071 
                   1                    1                    1                    1                    1                    1 
   -1.34224312528345    -1.33877428723497    -1.32775547560413    -1.32295111275522    -1.31822072745909    -1.31701613230524 
                   1                    1                    1                    1                    1                    1 
   -1.31651040165169    -1.31080153332797    -1.28703047603518     -1.2847157223178    -1.26539635156826    -1.26506123460653 
                   1                    1                    1                    1                    1                    1 
   -1.26068287881878    -1.26015524475811    -1.25864862806017    -1.25127136162494    -1.24104449680849    -1.23627311888329 
                   1                    1                    1                    1                    1                    1 
   -1.22898617755381    -1.22292617936591    -1.22071771225454     -1.2175999877636    -1.21394447023951    -1.20844272044307 
                   1                    1                    1                    1                    1                    1 
   -1.19862235906875    -1.19736350236541    -1.18843403514798    -1.18620658531375    -1.18548008459731    -1.18528881058722 
                   1                    1                    1                    1                    1                    1 
   -1.18155922705569    -1.17669215774973    -1.16961526041411    -1.16865142442436    -1.15616739425985    -1.15591652508367 
                   1                    1                    1                    1                    1                    1 
    -1.1392006399734    -1.13813693701195    -1.13730362066574    -1.13558847037434    -1.12460367125824    -1.12310858320335 
                   1                    1                    1                    1                    1                    1 
   -1.11989972139762    -1.11641641193354    -1.10148343893874    -1.09955094170275    -1.09849000709012    -1.09599626707466 
                   1                    1                    1                    1                    1                    1 
   -1.09278720910151    -1.08999187241124    -1.08758071407693    -1.07742065311198    -1.07420660953035    -1.07179122647558 
                   1                    1                    1                    1                    1                    1 
   -1.06782370598685    -1.06349790638204    -1.06332613397119     -1.0585905359484    -1.05501704260268    -1.05251327933874 
                   1                    1                    1                    1                    1                    1 
   -1.04917700666607    -1.04168885898951    -1.04167329428932    -1.03968035270204    -1.03895644030703    -1.03813103968721 
                   1                    1                    1                    1                    1                    1 
   -1.02642090030678    -1.02600444830724    -1.02412879060491    -1.01857538310709    -1.01559257860354    -1.01411417266147 
                   1                    1                    1                    1                    1                    1 
   -1.00837660827701    -1.00563625951084    -1.00537758159341   -0.996838982378005   -0.996780742207522   -0.993698591098714 
                   1                    1                    1                    1                    1                    1 
  -0.992507150392037   -0.990507630466559   -0.974009582804091   -0.971994211475933   -0.961856634130129   -0.951618567265016 
                   1                    1                    1                    1                    1                    1 
  -0.947474614184802   -0.945408831123893   -0.938538703606894   -0.921516042869578   -0.913566048164992   -0.904215025620639 
                   1                    1                    1                    1                    1                    1 
  -0.895947822756499   -0.895363357977542   -0.893207570054953   -0.875255477495516   -0.873071000417463   -0.866037744672114 
                   1                    1                    1                    1                    1                    1 
  -0.865512862653374   -0.853623696727242   -0.849704346033582   -0.849061135016708   -0.844583428535954   -0.834188231584378 
                   1                    1                    1                    1                    1                    1 
  -0.833843580535001   -0.830811527336248   -0.829477611624518   -0.828174270396797   -0.818669777519803   -0.799513953576531 
                   1                    1                    1                    1                    1                    1 
   -0.79131387881947    -0.78896321811123   -0.788621970854002   -0.788602837850243   -0.784904469457076   -0.783515789013048 
                   1                    1                    1                    1                    1                    1 
  -0.782201845619403   -0.781739711532082   -0.781536487054751   -0.774144929605405   -0.769484922890278   -0.764606013753569 
                   1                    1                    1                    1                    1                    1 
  -0.759398117298882   -0.752688968217742   -0.741336096272828   -0.738527704739573   -0.734799251921281   -0.732853806297125 
                   1                    1                    1                    1                    1                    1 
   -0.72889122929114   -0.728219111191288   -0.727383529087535   -0.723065969939874   -0.721604440436015   -0.720773631820122 
                   1                    1                    1                    1                    1                    1 
  -0.718466221319259    -0.71721816157401   -0.715242187222796   -0.710406563699301   -0.709200762582393    -0.70459646368007 
                   1                    1                    1                    1                    1                    1 
   -0.70100361225327    -0.69842066759439   -0.694706978920513   -0.693304527930666   -0.693094614010595   -0.688008616467358 
                   1                    1                    1                    1                    1                    1 
  -0.686852851893526   -0.686815652442701   -0.678503145418437   -0.675482291592071   -0.664769435274062   -0.662607275700815 
                   1                    1                    1                    1                    1                    1 
  -0.658010207949479   -0.656742925361075   -0.653779824760103   -0.651949901695459   -0.647045631318269   -0.645113956859792 
                   1                    1                    1                    1                    1                    1 
  -0.643567387027114   -0.640706008305376   -0.634748264908909   -0.629578742686005   -0.627906076039371   -0.625039267849257 
                   1                    1                    1                    1                    1                    1 
  -0.624567473618094   -0.616435842873528   -0.611165916680421   -0.608557178316224   -0.604513230334117   -0.603531247788338 
                   1                    1                    1                    1                    1                    1 
  -0.601892845985016   -0.601506708006782   -0.600259587147127     -0.5973300913628   -0.594617267459511   -0.592997365655317 
                   1                    1                    1                    1                    1                    1 
  -0.591892102212813      -0.589481038515   -0.581067380566498   -0.577468001059557   -0.575417641271167   -0.575346962608392 
                   1                    1                    1                    1                    1                    1 
  -0.574394552184383    -0.57438868976327   -0.573973479297987   -0.573560270768283   -0.571850057895563   -0.561876363549783 
                   1                    1                    1                    1                    1                    1 
  -0.560475646552213   -0.558456912348133   -0.557215481941608   -0.555841134754075   -0.555278351313252   -0.550223741489138 
                   1                    1                    1                    1                    1                    1 
  -0.538809159977592   -0.530906522170303   -0.527234257233921   -0.526925176125598   -0.522912376313422   -0.522616697195916 
                   1                    1                    1                    1                    1                    1 
   -0.52111731755252   -0.517982430167822   -0.516759449743733    -0.51606383094478   -0.506333542189239   -0.502323453109302 
                   1                    1                    1                    1                    1                    1 
  -0.502198718342861   -0.499292017172261   -0.492937424161977   -0.491031166056535   -0.490557443700668   -0.489870453138474 
                   1                    1                    1                    1                    1                    1 
  -0.484987596562325   -0.483780625708744   -0.482676821796308   -0.476246894615578   -0.472791407727934   -0.468699779782087 
                   1                    1                    1                    1                    1                    1 
  -0.466655353623219   -0.463987242966015   -0.461038338884354   -0.458390139092389   -0.458365332711106   -0.457760533240508 
                   1                    1                    1                    1                    1                    1 
  -0.453197829994837   -0.450338623924712   -0.446557216427222   -0.445935027212156   -0.445661970099958   -0.444781978336992 
                   1                    1                    1                    1                    1                    1 
  -0.441163216905286   -0.437159533180399   -0.436829976913125   -0.435645469691905   -0.427279287205429   -0.422496832339625 
                   1                    1                    1                    1                    1                    1 
  -0.416857588160432   -0.414588726363674    -0.41433994791886   -0.414015863042303    -0.41367651359212   -0.402884835299076 
                   1                    1                    1                    1                    1                    1 
  -0.397030520327837   -0.395797950288896   -0.390684978638979   -0.388779864071743   -0.380956739294013   -0.380471001012383 
                   1                    1                    1                    1                    1                    1 
  -0.380226520287762   -0.375602871669773   -0.374580857767014   -0.372438756103829   -0.370660031792409   -0.368352575126506 
                   1                    1                    1                    1                    1                    1 
  -0.363657297095253   -0.359975117943056   -0.354542403073978   -0.352453199227956   -0.352046456582617    -0.35091782719307 
                   1                    1                    1                    1                    1                    1 
  -0.349754239211268   -0.349650387953555   -0.348472448955611   -0.347542599397733   -0.343917234128459    -0.33320738366942 
                   1                    1                    1                    1                    1                    1 
  -0.330544700119963   -0.326143892505348   -0.325931585531227   -0.324685911490835   -0.322746361825109   -0.321892586182801 
                   1                    1                    1                    1                    1                    1 
   -0.32132484216839   -0.316415868196993   -0.305962663739917   -0.305469639909805    -0.30174666386638   -0.299762496646272 
                   1                    1                    1                    1                    1                    1 
  -0.295157800883577   -0.295071482992271    -0.29409532715611   -0.287340799840693   -0.285845423591384   -0.284773007051009 
                   1                    1                    1                    1                    1                    1 
  -0.281482115038967   -0.280395335170247   -0.279072170787307   -0.278454024963586    -0.27594516842554   -0.273248106811925 
                   1                    1                    1                    1                    1                    1 
  -0.272267534418351   -0.267706421557085   -0.265651625278222   -0.265145056696353   -0.262197489402468   -0.256092192198247 
                   1                    1                    1                    1                    1                    1 
  -0.249190677755399   -0.246691878462374   -0.239351567138116   -0.239029068152564   -0.236279568941097   -0.235700359100477 
                   1                    1                    1                    1                    1                    1 
   -0.23017748948328   -0.227684064895531    -0.22622198144241   -0.225770985659268   -0.224961271044116   -0.221326153166881 
                   1                    1                    1                    1                    1                    1 
  -0.220486561818751   -0.219050378933476   -0.217974914658295   -0.215380507641693   -0.214504515399774   -0.214041239985383 
                   1                    1                    1                    1                    1                    1 
  -0.213307143233068   -0.212848278646528   -0.212150532081949   -0.210734180691776   -0.209793171228509   -0.207917278019599 
                   1                    1                    1                    1                    1                    1 
  -0.205299257468199   -0.202240855110284     -0.2014581469715   -0.200781015589121   -0.199889828101433   -0.197264869076299 
                   1                    1                    1                    1                    1                    1 
  -0.197175894348552   -0.195889248829828   -0.194152409320457   -0.191774809109942   -0.190516802042901   -0.186120699373496 
                   1                    1                    1                    1                    1                    1 
  -0.185202169400994   -0.184308868842384   -0.182925388372727    -0.17990623104754   -0.179051594380198    -0.17063961823861 
                   1                    1                    1                    1                    1                    1 
  -0.163284932229294   -0.162421942479419   -0.158294028699944   -0.155345347144399   -0.141261757282513   -0.138891362439045 
                   1                    1                    1                    1                    1                    1 
  -0.133150964328944   -0.131874911824015   -0.131802793041181   -0.127148606825662    -0.12270866097738   -0.120393824622494 
                   1                    1                    1                    1                    1                    1 
  -0.119452606630659   -0.116302517158606   -0.113639895506141   -0.109710321176239   -0.108280091234486   -0.105784167649752 
                   1                    1                    1                    1                    1                    1 
  -0.105671334003774   -0.102346513520598   -0.101883255715222   -0.100974885328808  -0.0974512501056172  -0.0974124985026302 
                   1                    1                    1                    1                    1                    1 
  -0.097369267513081  -0.0966860732067051  -0.0954875904449924  -0.0951474508492868  -0.0936367939110456   -0.092941018479472 
                   1                    1                    1                    1                    1                    1 
 -0.0914342755501383  -0.0903195939658516  -0.0899751970156634   -0.088565112138884  -0.0867141349819251  -0.0833690664718293 
                   1                    1                    1                    1                    1                    1 
  -0.082919942339226  -0.0820869037757183  -0.0792117092585882  -0.0776732006105648  -0.0775389667912034   -0.075625080779838 
                   1                    1                    1                    1                    1                    1 
 -0.0752631976487263  -0.0735560191364783  -0.0713080861235987  -0.0619117105767217  -0.0608219546600742   -0.056055946186268 
                   1                    1                    1                    1                    1                    1 
 -0.0555619655245394  -0.0540281250854405   -0.051981906180899  -0.0512978861253612  -0.0485683527562885  -0.0450277248089203 
                   1                    1                    1                    1                    1                    1 
 -0.0428704572913161  -0.0365372222047413   -0.034067253738464  -0.0333303422759193  -0.0330361592759917  -0.0296939710498354 
                   1                    1                    1                    1                    1                    1 
 -0.0288415529283144   -0.028546755348703   -0.028395054749065  -0.0273469664137418  -0.0260186347739953  -0.0160025272079689 
                   1                    1                    1                    1                    1                    1 
 -0.0143074131669134  -0.0110458298093738 -0.00406065343634058  0.00168368848420991  0.00269166123012091  0.00285604762222659 
                   1                    1                    1                    1                    1                    1 
 0.00576418589988693  0.00729009031689879    0.011129187220888   0.0192592746253708   0.0204507085250325   0.0209835863542375 
                   1                    1                    1                    1                    1                    1 
  0.0246749828261399   0.0261002253262418   0.0315260045939917    0.034551067133851   0.0377883991710788   0.0412329219929399 
                   1                    1                    1                    1                    1                    1 
  0.0467335275180007   0.0471544327615272   0.0530042267305041   0.0547365250574253   0.0560167332749619   0.0562148493828386 
                   1                    1                    1                    1                    1                    1 
  0.0597499373846007   0.0642435566300379   0.0651539325793032   0.0652930335253153    0.066700870930183   0.0697662309003006 
                   1                    1                    1                    1                    1                    1 
   0.070508391424576   0.0721667524147558   0.0745511771737346   0.0779608495637108    0.079501995328401   0.0798738186740527 
                   1                    1                    1                    1                    1                    1 
  0.0847372921971965   0.0892072230732945   0.0904966471392212   0.0912673834882354   0.0945835281735714   0.0965858340824363 
                   1                    1                    1                    1                    1                    1 
  0.0993275940878275    0.100919859012857     0.10107915139528    0.103638004228304    0.105676194148943    0.107190407016153 
                   1                    1                    1                    1                    1                    1 
    0.11068271594512    0.116637283582706    0.117646597100126    0.118144511046681    0.118849433004561    0.119245236427584 
                   1                    1                    1                    1                    1                    1 
   0.120719329287034    0.121318377490778    0.123854243844614    0.126315858458886    0.127992965684126    0.129287735160946 
                   1                    1                    1                    1                    1                    1 
   0.134038645368463    0.139097857161771    0.142458432045787    0.143623234662747    0.144104662462187    0.144475704710697 
                   1                    1                    1                    1                    1                    1 
   0.146417178667962    0.146708484145002    0.150120131188143     0.15168050450932    0.153373117836515    0.156155707275326 
                   1                    1                    1                    1                    1                    1 
   0.156702987375728    0.157353347216158    0.164840867918466     0.16532102124205    0.168065383884658    0.170588081840838 
                   1                    1                    1                    1                    1                    1 
   0.174726396981842    0.174802700161256    0.178190188418023     0.18130347974915    0.181847192619832    0.188753109329833 
                   1                    1                    1                    1                    1                    1 
   0.189426237514811    0.190230315692457    0.196278045472469    0.205561208449975    0.205597504483387    0.206294044843098 
                   1                    1                    1                    1                    1                    1 
   0.207381157385307    0.211980433372292    0.213957979642262    0.214445309581601    0.214538826629216    0.215941568743973 
                   1                    1                    1                    1                    1                    1 
   0.216152541801233    0.220711290970649    0.221019468561002    0.226324942381064    0.227291921672942    0.230616830631202 
                   1                    1                    1                    1                    1                    1 
    0.23111493441816    0.233633614089869    0.235386572284857    0.237430272491026    0.238731735111441    0.241045932501223 
                   1                    1                    1                    1                    1                    1 
     0.2435327187603    0.243687429599092    0.249824719926562    0.250247821348331    0.253318513994755     0.25688370915653 
                   1                    1                    1                    1                    1                    1 
   0.260361490736558    0.267835015331683    0.271066756750545    0.273766491036548    0.276274556543337    0.276315532135793 
                   1                    1                    1                    1                    1                    1 
   0.276872458861614    0.279627862431757    0.283878906352351    0.286424419628825    0.289344028817336    0.298227591540715 
                   1                    1                    1                    1                    1                    1 
   0.299086903336152    0.299593684739564    0.300038545205798    0.301153362166714    0.301313651718405    0.303528641404258 
                   1                    1                    1                    1                    1                    1 
   0.310016986578952    0.310230256060895    0.310450080541646    0.310480749443137    0.313228771994335    0.314057663506262 
                   1                    1                    1                    1                    1                    1 
   0.318390260408025     0.32040231431661     0.32430434416138    0.331179172958982    0.331781963915697    0.332202578950118 
                   1                    1                    1                    1                    1                    1 
   0.333369970155182    0.333902942499225    0.346103619553607    0.355587611628384    0.356283344862047    0.358855723093152 
                   1                    1                    1                    1                    1                    1 
   0.359813827057364    0.364114687355063    0.365018751433036    0.368742058011194    0.368964527385086    0.371147959759657 
                   1                    1                    1                    1                    1                    1 
   0.373004655804915    0.373241434166406    0.374643568004988    0.377387973023929    0.378167772208507    0.378423903636832 
                   1                    1                    1                    1                    1                    1 
   0.379639482759882    0.381425829451352     0.38230514254637     0.38528040112633    0.386026568349676    0.388365162819368 
                   1                    1                    1                    1                    1                    1 
   0.394394847980585    0.395295870013499    0.397842208800339    0.400771450594052    0.403290331220696    0.410275096490425 
                   1                    1                    1                    1                    1                    1 
   0.411429920615731     0.41276949719403    0.418982404924464    0.420574188698147    0.426464221476814    0.428166764970505 
                   1                    1                    1                    1                    1                    1 
   0.430284696359987    0.431098928114991    0.435181490833803    0.435288948907682    0.436523478910183    0.438818700714454 
                   1                    1                    1                    1                    1                    1 
   0.448209778629426    0.451504053079215    0.454577809057738    0.454769268982633    0.456236403179813     0.45735733162533 
                   1                    1                    1                    1                    1                    1 
   0.457462079357455    0.460591349478104    0.460916205989202    0.464967990785852    0.474911714034054    0.476133278302629 
                   1                    1                    1                    1                    1                    1 
     0.4770372382847    0.480625599875217    0.483617533838269    0.485459978904878    0.492228570064431    0.497850478229239 
                   1                    1                    1                    1                    1                    1 
   0.498658043829925    0.504126254591608    0.510132546878663    0.511470754698125    0.516862044313609    0.518503765888248 
                   1                    1                    1                    1                    1                    1 
   0.519407203943462     0.52491427931929    0.532989286826481    0.533259362753652     0.53539884086815    0.538482032102641 
                   1                    1                    1                    1                    1                    1 
   0.539790605536274     0.54128414348235     0.54319405923209     0.54839695950807    0.550043961214136    0.552157714218558 
                   1                    1                    1                    1                    1                    1 
   0.553917653537589    0.562041390099052    0.562267345403066     0.56298953322048    0.563867390305883    0.568288620777075 
                   1                    1                    1                    1                    1                    1 
    0.57872237461645    0.582991405680064    0.584613749636069    0.586735339092625    0.589835922958758    0.589982679367313 
                   1                    1                    1                    1                    1                    1 
   0.600708823672418    0.605370668930333    0.607964322225033     0.60877901173463     0.61645571635144    0.616567817477434 
                   1                    1                    1                    1                    1                    1 
   0.617985817166529     0.62203323587106    0.624187472020653    0.629711746692728    0.630754115650567    0.632960713031451 
                   1                    1                    1                    1                    1                    1 
   0.636124035182149    0.636569674033849    0.639491997900534    0.641830027651616    0.644376548518833    0.647513357977592 
                   1                    1                    1                    1                    1                    1 
   0.649791867153518     0.65119328158767    0.653257679471382    0.659902638142608      0.6608202977898    0.664415863694087 
                   1                    1                    1                    1                    1                    1 
   0.665159875745969     0.67069596873393    0.673253863354836    0.675762415474246    0.683745521850712    0.684309429416465 
                   1                    1                    1                    1                    1                    1 
   0.687916772975828    0.688640254100091    0.701355901563686    0.701784335374711    0.703523902756894    0.704167283929716 
                   1                    1                    1                    1                    1                    1 
   0.707588353835588    0.711601922486244    0.712703325244282    0.712842320031113     0.71517840711106    0.736495964773442 
                   1                    1                    1                    1                    1                    1 
   0.739947510877334    0.740814523725905    0.740900011274274    0.742297024186518    0.748081162493843    0.751061302606323 
                   1                    1                    1                    1                    1                    1 
   0.754053785184521    0.756406438545484    0.756774763795962     0.76904224100091    0.769052294995609    0.778860029783535 
                   1                    1                    1                    1                    1                    1 
   0.779965118336318    0.784170879094338    0.787133614322708    0.787738847475178     0.78945985279018    0.789817921820499 
                   1                    1                    1                    1                    1                    1 
   0.790385343888228    0.797380500549836    0.797600657589519    0.800914339573062    0.813400374079065    0.817659446374088 
                   1                    1                    1                    1                    1                    1 
    0.81882813653178    0.821506780448618    0.821581081637487    0.825379862759242    0.825922901647494    0.834401567757039 
                   1                    1                    1                    1                    1                    1 
   0.837787044494525       0.840539826961    0.844904241408072    0.845013004067436    0.845731540189296    0.846436285579692 
                   1                    1                    1                    1                    1                    1 
   0.849643045633355    0.855202205064192    0.856923010899318    0.863648434157753    0.864152486225893    0.865779404334488 
                   1                    1                    1                    1                    1                    1 
   0.866366132112773    0.871964954078744    0.878133487533042    0.881178808925443    0.882465164396587    0.883302819948705 
                   1                    1                    1                    1                    1                    1 
   0.884250820028209     0.88465049897692    0.886749037096059    0.895125661045022    0.899354053203099    0.903516426361675 
                   1                    1                    1                    1                    1                    1 
   0.904435464449695     0.91120967677132    0.911391291795963    0.914773270855634    0.917174917641003    0.918996609060766 
                   1                    1                    1                    1                    1                    1 
   0.922267467879738    0.941165806724167    0.955365639730411    0.959005377787825    0.961264151809677    0.962527968484271 
                   1                    1                    1                    1                    1                    1 
   0.967267260167914    0.967859209947064    0.976973386685621    0.982113002522641    0.986058221060247    0.986365859895462 
                   1                    1                    1                    1                    1                    1 
   0.989971608627113    0.990262246044231    0.993503855962119     1.00573852446226     1.01067796451426     1.01283433584425 
                   1                    1                    1                    1                    1                    1 
    1.01494317274366     1.01645521770216     1.01755863695209      1.0191570693309     1.02025301216443     1.02467323481835 
                   1                    1                    1                    1                    1                    1 
     1.0255713696967      1.0267850560749     1.04530566396331     1.04662884711155     1.04908662655933     1.05271146557933 
                   1                    1                    1                    1                    1                    1 
    1.05418102337692     1.05432227197535     1.06109525326174     1.07051603677834     1.07401226028199     1.07494507727239 
                   1                    1                    1                    1                    1                    1 
    1.08079949615152     1.08461700867092     1.08477508986065      1.0966084717214     1.09683901314935     1.10984813892972 
                   1                    1                    1                    1                    1                    1 
    1.10992028971364     1.11027709663882      1.1107114182028     1.11464854536198     1.12500274582817     1.12507189227799 
                   1                    1                    1                    1                    1                    1 
    1.13105465184602     1.13133721341418     1.13939629170942     1.14526311038036     1.14880761845109     1.15293622555862 
                   1                    1                    1                    1                    1                    1 
    1.16525338994626     1.16838387306909     1.18118089143852     1.18718681065156     1.19160126851033     1.20796199830499 
                   1                    1                    1                    1                    1                    1 
    1.21001051044026     1.21458879448256     1.21810861032581     1.22096370834882     1.22408179743946     1.23247587848534 
                   1                    1                    1                    1                    1                    1 
    1.23569346230014     1.23667504641657     1.23667580008161     1.24642390866165     1.24991457096922     1.25381492106993 
                   1                    1                    1                    1                    1                    1 
    1.26318517608949     1.27226677946852     1.27657868146766     1.29408390614558     1.30019867766682     1.30117599220059 
                   1                    1                    1                    1                    1                    1 
    1.31241297643351     1.31782088371148     1.32821469603699     1.33551761505939     1.36065244853001     1.36813264802863 
                   1                    1                    1                    1                    1                    1 
    1.36860228401446       1.370003993971     1.37857013695924     1.38051452831454     1.39957618540294     1.40405026771417 
                   1                    1                    1                    1                    1                    1 
    1.43040234118818     1.44146175605504     1.44455085842335     1.44566224110115     1.48377948873809     1.48403093155628 
                   1                    1                    1                    1                    1                    1 
    1.48783783187804     1.49606066984635     1.50390060900454     1.51239542683245     1.51647060442954     1.51649060169196 
                   1                    1                    1                    1                    1                    1 
    1.51921771138818     1.53261062618519     1.53843019889679     1.54660915422409     1.54758105898377     1.55870831414912 
                   1                    1                    1                    1                    1                    1 
    1.59336995138365     1.59850877114583      1.6155453232072     1.62362120768023     1.62688121419468     1.63356842140831 
                   1                    1                    1                    1                    1                    1 
    1.63905190875156     1.64084616597749     1.65090746733669     1.65191539162316     1.65517581574201     1.66599089998742 
                   1                    1                    1                    1                    1                    1 
    1.67105482886294     1.67569693240319     1.68443570809411      1.6875894829457     1.71230497731928     1.71506498688328 
                   1                    1                    1                    1                    1                    1 
    1.72426223915645     1.73863376690625     1.77950290977515     1.78691313680308     1.82853045813536     1.84326625457782 
                   1                    1                    1                    1                    1                    1 
    1.84386200523221     1.85991086154316     1.86685184470686     1.87786402105219     1.90236182167893     1.90910356921748 
                   1                    1                    1                    1                    1                    1 
    1.94585121773144     1.95072100640115     1.95529396549246     1.96624801545563     1.97541905401908     1.99721338474797 
                   1                    1                    1                    1                    1                    1 
    2.00248273029283     2.00668069083189     2.03757401824044     2.05008468562714     2.08671743449315     2.10010894052567 
                   1                    1                    1                    1                    1                    1 
    2.12845189901618     2.16141584630279     2.16895596533851     2.18733299301658     2.19881034888372     2.29307897383109 
                   1                    1                    1                    1                    1                    1 
    2.29961936115445     2.30506198204569     2.32086022399448     2.37473471509539     2.38292669523033     2.39745248004976 
                   1                    1                    1                    1                    1                    1 
    2.41677335378821     2.43022665234451     2.45806049186527     2.48799787722146     2.55302611346059     2.57145814586664 
                   1                    1                    1                    1                    1                    1 
    2.57544976372339      2.6848589992268     2.69171400324612      3.2410399349424 
                   1                    1                    1                    1 
    Code Symbol                     Name
1    AED    د.إ   United Arab Emirates d
2    AFN      ؋           Afghan afghani
3    ALL      L             Albanian lek
4    AMD    AMD            Armenian dram
5    ANG      ƒ Netherlands Antillean gu
6    AOA     Kz           Angolan kwanza
7    ARS      $           Argentine peso
8    AUD      $        Australian dollar
9    AWG   Afl.            Aruban florin
10   AZN    AZN        Azerbaijani manat
11   BAM     KM  Bosnia and Herzegovina 
12   BBD      $         Barbadian dollar
13   BDT     ৳          Bangladeshi taka
14   BGN    лв.            Bulgarian lev
15   BHD   .د.ب           Bahraini dinar
16   BIF     Fr          Burundian franc
17   BMD      $         Bermudian dollar
18   BND      $            Brunei dollar
19   BOB    Bs.       Bolivian boliviano
20   BRL     R$           Brazilian real
21   BSD      $          Bahamian dollar
22   BTC      ฿                  Bitcoin
23   BTN    Nu.       Bhutanese ngultrum
24   BWP      P            Botswana pula
25   BYR     Br  Belarusian ruble (old)'
26   BYN     Br         Belarusian ruble
27   BZD      $            Belize dollar
28   CAD      $          Canadian dollar
29   CDF     Fr          Congolese franc
30   CHF    CHF              Swiss franc
31   CLP      $             Chilean peso
32   CNY      ¥             Chinese yuan
33   COP      $           Colombian peso
34   CRC      ₡        Costa Rican colón
35   CUC      $ Cuban convertible peso')
36   CUP      $               Cuban peso
37   CVE      $      Cape Verdean escudo
38   CZK     Kč             Czech koruna
39   DJF     Fr         Djiboutian franc
40   DKK    DKK             Danish krone
41   DOP    RD$           Dominican peso
42   DZD    د.ج           Algerian dinar
43   EGP    EGP           Egyptian pound
44   ERN    Nfk           Eritrean nakfa
45   ETB     Br           Ethiopian birr
46   EUR      €                     Euro
47   FJD      $            Fijian dollar
48   FKP      £ Falkland Islands pound')
49   GBP      £           Pound sterling
50   GEL      ₾            Georgian lari
51   GGP      £           Guernsey pound
52   GHS      ₵               Ghana cedi
53   GIP      £          Gibraltar pound
54   GMD      D           Gambian dalasi
55   GNF     Fr            Guinean franc
56   GTQ      Q       Guatemalan quetzal
57   GYD      $          Guyanese dollar
58   HKD      $         Hong Kong dollar
59   HNL      L         Honduran lempira
60   HRK     kn            Croatian kuna
61   HTG      G           Haitian gourde
62   HUF     Ft         Hungarian forint
63   IDR     Rp        Indonesian rupiah
64   ILS      ₪       Israeli new shekel
65   IMP      £               Manx pound
66   INR      ₹             Indian rupee
67   IQD    ع.د              Iraqi dinar
68   IRR      ﷼             Iranian rial
69   IRT  تومان            Iranian toman
70   ISK    kr.          Icelandic króna
71   JEP      £             Jersey pound
72   JMD      $          Jamaican dollar
73   JOD    د.ا          Jordanian dinar
74   JPY      ¥             Japanese yen
75   KES    KSh          Kenyan shilling
76   KGS    сом          Kyrgyzstani som
77   KHR      ៛           Cambodian riel
78   KMF     Fr           Comorian franc
79   KPW      ₩         North Korean won
80   KRW      ₩         South Korean won
81   KWD    د.ك            Kuwaiti dinar
82   KYD      $    Cayman Islands dollar
83   KZT      ₸        Kazakhstani tenge
84   LAK      ₭                  Lao kip
85   LBP    ل.ل           Lebanese pound
86   LKR      රු         Sri Lankan rupee
87   LRD      $          Liberian dollar
88   LSL      L             Lesotho loti
89   LYD    ل.د             Libyan dinar
90   MAD   د.م.          Moroccan dirham
91   MDL    MDL             Moldovan leu
92   MGA     Ar          Malagasy ariary
93   MKD    ден         Macedonian denar
94   MMK     Ks             Burmese kyat
95   MNT      ₮         Mongolian tögrög
96   MOP      P          Macanese pataca
97   MRU     UM      Mauritanian ouguiya
98   MUR      ₨          Mauritian rupee
99   MVR     .ރ        Maldivian rufiyaa
100  MWK     MK          Malawian kwacha
101  MXN      $             Mexican peso
102  MYR     RM        Malaysian ringgit
103  MZN     MT       Mozambican metical
104  NAD     N$          Namibian dollar
105  NGN      ₦           Nigerian naira
106  NIO     C$       Nicaraguan córdoba
107  NOK     kr          Norwegian krone
108  NPR      ₨           Nepalese rupee
109  NZD      $       New Zealand dollar
110  OMR   ر.ع.               Omani rial
111  PAB    B/.        Panamanian balboa
112  PEN     S/                      Sol
113  PGK      K Papua New Guinean kina')
114  PHP      ₱          Philippine peso
115  PKR      ₨          Pakistani rupee
116  PLN     zł             Polish złoty
117  PRB     р.      Transnistrian ruble
118  PYG      ₲       Paraguayan guaraní
119  QAR    ر.ق             Qatari riyal
120  RON    lei             Romanian leu
121  RSD    рсд            Serbian dinar
122  RUB      ₽            Russian ruble
123  RWF     Fr            Rwandan franc
124  SAR    ر.س              Saudi riyal
125  SBD      $ Solomon Islands dollar')
126  SCR      ₨        Seychellois rupee
127  SDG   ج.س.           Sudanese pound
128  SEK     kr            Swedish krona
129  SGD      $         Singapore dollar
130  SHP      £       Saint Helena pound
131  SLL     Le     Sierra Leonean leone
132  SOS     Sh          Somali shilling
133  SRD      $        Surinamese dollar
134  SSP      £     South Sudanese pound
135  STN     Db  São Tomé and Príncipe d
136  SYP    ل.س             Syrian pound
137  SZL      L          Swazi lilangeni
138  THB      ฿                Thai baht
139  TJS     ЅМ       Tajikistani somoni
140  TMT      m       Turkmenistan manat
141  TND    د.ت           Tunisian dinar
142  TOP     T$           Tongan paʻanga
143  TRY      ₺             Turkish lira
144  TTD      $ Trinidad and Tobago doll
145  TWD    NT$        New Taiwan dollar
146  TZS     Sh       Tanzanian shilling
147  UAH      ₴        Ukrainian hryvnia
148  UGX    UGX         Ugandan shilling
149  USD      $ United States (US) dolla
150  UYU      $           Uruguayan peso
151  UZS    UZS          Uzbekistani som
152  VEF   Bs F       Venezuelan bolívar
153  VES   Bs.S         Bolívar soberano
154  VND      ₫          Vietnamese đồng
155  VUV     Vt             Vanuatu vatu
156  WST      T              Samoan tālā
157  XAF    CFA   Central African CFA fr
158  XCD      $    East Caribbean dollar
159  XOF    CFA   West African CFA franc
160  XPF     Fr                CFP franc
161  YER      ﷼              Yemeni rial
162  ZAR      R       South African rand
163  ZMW     ZK           Zambian kwacha
[1] "Numeric Vector:"
[1] 1.5 2.3 3.7
[1] "Character Vector:"
[1] "apple"  "banana" "cherry"
[1] "Logical Vector:"
[1]  TRUE FALSE  TRUE
Type of Numeric Vector: double 
Type of Character Vector: character 
Type of Logical Vector: logical 
