 [1]  2  3  5  7 11 13 17 19 23 29 31 37 41 43 47 53 59 61 67 71 73 79 83 89 97
[1] 1
[1] 2
[1] "Fizz"
[1] 4
[1] "Buzz"
[1] "Fizz"
[1] 7
[1] 8
[1] "Fizz"
[1] "Buzz"
[1] 11
[1] "Fizz"
[1] 13
[1] 14
[1] "FizzBuzz"
[1] 16
[1] 17
[1] "Fizz"
[1] 19
[1] "Buzz"
[1] "Fizz"
[1] 22
[1] 23
[1] "Fizz"
[1] "Buzz"
[1] 26
[1] "Fizz"
[1] 28
[1] 29
[1] "FizzBuzz"
[1] 31
[1] 32
[1] "Fizz"
[1] 34
[1] "Buzz"
[1] "Fizz"
[1] 37
[1] 38
[1] "Fizz"
[1] "Buzz"
[1] 41
[1] "Fizz"
[1] 43
[1] 44
[1] "FizzBuzz"
[1] 46
[1] 47
[1] "Fizz"
[1] 49
[1] "Buzz"
[1] "Fizz"
[1] 52
[1] 53
[1] "Fizz"
[1] "Buzz"
[1] 56
[1] "Fizz"
[1] 58
[1] 59
[1] "FizzBuzz"
[1] 61
[1] 62
[1] "Fizz"
[1] 64
[1] "Buzz"
[1] "Fizz"
[1] 67
[1] 68
[1] "Fizz"
[1] "Buzz"
[1] 71
[1] "Fizz"
[1] 73
[1] 74
[1] "FizzBuzz"
[1] 76
[1] 77
[1] "Fizz"
[1] 79
[1] "Buzz"
[1] "Fizz"
[1] 82
[1] 83
[1] "Fizz"
[1] "Buzz"
[1] 86
[1] "Fizz"
[1] 88
[1] 89
[1] "FizzBuzz"
[1] 91
[1] 92
[1] "Fizz"
[1] 94
[1] "Buzz"
[1] "Fizz"
[1] 97
[1] 98
[1] "Fizz"
[1] "Buzz"
 [1] "a" "b" "c" "d" "e" "f" "g" "h" "i" "j"
 [1] "Q" "R" "S" "T" "U" "V" "W" "X" "Y" "Z"
[1] "V" "W" "X"
[1]  1  2  4  7 14 28
Maximum Value: 8 
Minimum Value: 1 
