    Ozone Temp Month Day
21      1   59     5  21
23      4   61     5  23
18      6   57     5  18
76      7   80     7  15
147     7   69     9  24
11      7   74     5  11
9       8   61     5   9
94      9   81     8   2
137     9   71     9  14
114     9   72     8  22
73     10   73     7  12
20     11   62     5  20
13     11   66     5  13
22     11   73     5  22
50     12   73     6  19
3      12   74     5   3
141    13   76     9  18
138    13   71     9  15
51     13   76     6  20
144    13   64     9  21
148    14   63     9  25
151    14   75     9  28
14     14   68     5  14
16     14   64     5  16
82     16   74     7  21
95     16   82     8   3
143    16   82     9  20
12     16   69     5  12
15     18   58     5  15
152    18   76     9  29
140    18   67     9  17
4      18   62     5   4
8      19   59     5   8
49     20   65     6  18
87     20   82     7  26
153    20   68     9  30
130    20   80     9   7
47     21   77     6  16
132    21   75     9   9
113    21   77     8  21
135    21   76     9  12
108    22   77     8  16
28     23   67     5  28
145    23   71     9  22
110    23   76     8  18
44     23   82     6  13
131    23   78     9   8
7      23   65     5   7
142    24   68     9  19
133    24   73     9  10
74     27   81     7  13
136    28   77     9  13
105    28   82     8  13
6      28   66     5   6
38     29   82     6   7
149    30   70     9  26
19     30   68     5  19
111    31   78     8  19
24     32   61     5  24
129    32   84     9   6
64     32   81     7   3
17     34   66     5  17
78     35   82     7  17
97     35   85     8   5
2      36   72     5   2
146    36   81     9  23
31     37   76     5  31
48     37   72     6  17
93     39   81     8   1
41     39   87     6  10
67     40   83     7   6
1      41   67     5   1
112    44   78     8  20
104    44   86     8  12
134    44   81     9  11
116    45   79     8  24
29     45   81     5  29
139    46   78     9  16
128    47   87     9   5
77     48   81     7  16
63     49   85     7   2
90     50   86     7  29
88     52   86     7  27
109    59   79     8  17
92     59   81     7  31
79     61   84     7  18
81     63   85     7  20
66     64   83     7   5
91     64   83     7  30
106    65   80     8  14
98     66   87     8   6
40     71   90     6   9
126    73   93     9   3
118    73   86     8  26
120    76   97     8  28
68     77   88     7   7
125    78   92     9   2
96     78   86     8   4
80     79   87     7  19
85     80   86     7  24
89     82   88     7  28
122    84   96     8  30
71     85   89     7  10
123    85   94     8  31
100    89   90     8   8
127    91   93     9   4
124    96   91     9   1
69     97   92     7   8
70     97   92     7   9
86    108   85     7  25
101   110   90     8   9
30    115   79     5  30
121   118   94     8  29
99    122   89     8   7
62    135   84     7   1
117   168   81     8  25
60     NA   77     6  29
58     NA   73     6  27
53     NA   76     6  22
107    NA   79     8  15
25     NA   57     5  25
54     NA   76     6  23
59     NA   80     6  28
65     NA   84     7   4
57     NA   78     6  26
56     NA   75     6  25
103    NA   86     8  11
61     NA   83     6  30
72     NA   82     7  11
150    NA   77     9  27
52     NA   77     6  21
119    NA   88     8  27
35     NA   84     6   4
10     NA   69     5  10
36     NA   85     6   5
102    NA   92     8  10
34     NA   67     6   3
43     NA   92     6  12
55     NA   76     6  24
115    NA   75     8  23
83     NA   81     7  22
42     NA   93     6  11
37     NA   79     6   6
26     NA   58     5  26
39     NA   87     6   8
32     NA   78     6   1
33     NA   74     6   2
75     NA   91     7  14
84     NA   82     7  23
46     NA   79     6  15
45     NA   80     6  14
5      NA   56     5   5
27     NA   57     5  27
    Ozone Temp Month Day
21      1   59     5  21
23      4   61     5  23
18      6   57     5  18
76      7   80     7  15
147     7   69     9  24
11      7   74     5  11
9       8   61     5   9
94      9   81     8   2
137     9   71     9  14
114     9   72     8  22
73     10   73     7  12
20     11   62     5  20
13     11   66     5  13
22     11   73     5  22
50     12   73     6  19
3      12   74     5   3
141    13   76     9  18
138    13   71     9  15
51     13   76     6  20
144    13   64     9  21
148    14   63     9  25
151    14   75     9  28
14     14   68     5  14
16     14   64     5  16
82     16   74     7  21
95     16   82     8   3
143    16   82     9  20
12     16   69     5  12
15     18   58     5  15
152    18   76     9  29
140    18   67     9  17
4      18   62     5   4
8      19   59     5   8
49     20   65     6  18
87     20   82     7  26
153    20   68     9  30
130    20   80     9   7
47     21   77     6  16
132    21   75     9   9
113    21   77     8  21
135    21   76     9  12
108    22   77     8  16
28     23   67     5  28
145    23   71     9  22
110    23   76     8  18
44     23   82     6  13
131    23   78     9   8
7      23   65     5   7
142    24   68     9  19
133    24   73     9  10
74     27   81     7  13
136    28   77     9  13
105    28   82     8  13
6      28   66     5   6
38     29   82     6   7
149    30   70     9  26
19     30   68     5  19
111    31   78     8  19
24     32   61     5  24
129    32   84     9   6
64     32   81     7   3
17     34   66     5  17
78     35   82     7  17
97     35   85     8   5
2      36   72     5   2
146    36   81     9  23
31     37   76     5  31
48     37   72     6  17
93     39   81     8   1
41     39   87     6  10
67     40   83     7   6
1      41   67     5   1
112    44   78     8  20
104    44   86     8  12
134    44   81     9  11
116    45   79     8  24
29     45   81     5  29
139    46   78     9  16
128    47   87     9   5
77     48   81     7  16
63     49   85     7   2
90     50   86     7  29
88     52   86     7  27
109    59   79     8  17
92     59   81     7  31
79     61   84     7  18
81     63   85     7  20
66     64   83     7   5
91     64   83     7  30
106    65   80     8  14
98     66   87     8   6
40     71   90     6   9
126    73   93     9   3
118    73   86     8  26
120    76   97     8  28
68     77   88     7   7
125    78   92     9   2
96     78   86     8   4
80     79   87     7  19
85     80   86     7  24
89     82   88     7  28
122    84   96     8  30
71     85   89     7  10
123    85   94     8  31
100    89   90     8   8
127    91   93     9   4
124    96   91     9   1
69     97   92     7   8
70     97   92     7   9
86    108   85     7  25
101   110   90     8   9
30    115   79     5  30
121   118   94     8  29
99    122   89     8   7
62    135   84     7   1
117   168   81     8  25
60     NA   77     6  29
58     NA   73     6  27
53     NA   76     6  22
107    NA   79     8  15
25     NA   57     5  25
54     NA   76     6  23
59     NA   80     6  28
65     NA   84     7   4
57     NA   78     6  26
56     NA   75     6  25
103    NA   86     8  11
61     NA   83     6  30
72     NA   82     7  11
150    NA   77     9  27
52     NA   77     6  21
119    NA   88     8  27
35     NA   84     6   4
10     NA   69     5  10
36     NA   85     6   5
102    NA   92     8  10
34     NA   67     6   3
43     NA   92     6  12
55     NA   76     6  24
115    NA   75     8  23
83     NA   81     7  22
42     NA   93     6  11
37     NA   79     6   6
26     NA   58     5  26
39     NA   87     6   8
32     NA   78     6   1
33     NA   74     6   2
75     NA   91     7  14
84     NA   82     7  23
46     NA   79     6  15
45     NA   80     6  14
5      NA   56     5   5
27     NA   57     5  27
[1] "Is airquality a data frame?  TRUE"
    Ozone Temp Month Day
21      1   59     5  21
23      4   61     5  23
18      6   57     5  18
76      7   80     7  15
147     7   69     9  24
11      7   74     5  11
9       8   61     5   9
94      9   81     8   2
137     9   71     9  14
114     9   72     8  22
73     10   73     7  12
20     11   62     5  20
13     11   66     5  13
22     11   73     5  22
50     12   73     6  19
3      12   74     5   3
141    13   76     9  18
138    13   71     9  15
51     13   76     6  20
144    13   64     9  21
148    14   63     9  25
151    14   75     9  28
14     14   68     5  14
16     14   64     5  16
82     16   74     7  21
95     16   82     8   3
143    16   82     9  20
12     16   69     5  12
15     18   58     5  15
152    18   76     9  29
140    18   67     9  17
4      18   62     5   4
8      19   59     5   8
49     20   65     6  18
87     20   82     7  26
153    20   68     9  30
130    20   80     9   7
47     21   77     6  16
132    21   75     9   9
113    21   77     8  21
135    21   76     9  12
108    22   77     8  16
28     23   67     5  28
145    23   71     9  22
110    23   76     8  18
44     23   82     6  13
131    23   78     9   8
7      23   65     5   7
142    24   68     9  19
133    24   73     9  10
74     27   81     7  13
136    28   77     9  13
105    28   82     8  13
6      28   66     5   6
38     29   82     6   7
149    30   70     9  26
19     30   68     5  19
111    31   78     8  19
24     32   61     5  24
129    32   84     9   6
64     32   81     7   3
17     34   66     5  17
78     35   82     7  17
97     35   85     8   5
2      36   72     5   2
146    36   81     9  23
31     37   76     5  31
48     37   72     6  17
93     39   81     8   1
41     39   87     6  10
67     40   83     7   6
1      41   67     5   1
112    44   78     8  20
104    44   86     8  12
134    44   81     9  11
116    45   79     8  24
29     45   81     5  29
139    46   78     9  16
128    47   87     9   5
77     48   81     7  16
63     49   85     7   2
90     50   86     7  29
88     52   86     7  27
109    59   79     8  17
92     59   81     7  31
79     61   84     7  18
81     63   85     7  20
66     64   83     7   5
91     64   83     7  30
106    65   80     8  14
98     66   87     8   6
40     71   90     6   9
126    73   93     9   3
118    73   86     8  26
120    76   97     8  28
68     77   88     7   7
125    78   92     9   2
96     78   86     8   4
80     79   87     7  19
85     80   86     7  24
89     82   88     7  28
122    84   96     8  30
71     85   89     7  10
123    85   94     8  31
100    89   90     8   8
127    91   93     9   4
124    96   91     9   1
69     97   92     7   8
70     97   92     7   9
86    108   85     7  25
101   110   90     8   9
30    115   79     5  30
121   118   94     8  29
99    122   89     8   7
62    135   84     7   1
117   168   81     8  25
60     NA   77     6  29
58     NA   73     6  27
53     NA   76     6  22
107    NA   79     8  15
25     NA   57     5  25
54     NA   76     6  23
59     NA   80     6  28
65     NA   84     7   4
57     NA   78     6  26
56     NA   75     6  25
103    NA   86     8  11
61     NA   83     6  30
72     NA   82     7  11
150    NA   77     9  27
52     NA   77     6  21
119    NA   88     8  27
35     NA   84     6   4
10     NA   69     5  10
36     NA   85     6   5
102    NA   92     8  10
34     NA   67     6   3
43     NA   92     6  12
55     NA   76     6  24
115    NA   75     8  23
83     NA   81     7  22
42     NA   93     6  11
37     NA   79     6   6
26     NA   58     5  26
39     NA   87     6   8
32     NA   78     6   1
33     NA   74     6   2
75     NA   91     7  14
84     NA   82     7  23
46     NA   79     6  15
45     NA   80     6  14
5      NA   56     5   5
27     NA   57     5  27
 [1] 58 59 60 61 62 63 64 65 66 67 68 69 70 71 72
Levels: 58 59 60 61 62 63 64 65 66 67 68 69 70 71 72
 [1] 58 59 60 61 62 63 64 65 66 67 68 69 70 71 72
Levels: 58 59 60 61 62 63 64 65 66 67 68 69 70 71 72
    Ozone Temp Month Day
21      1   59     5  21
23      4   61     5  23
18      6   57     5  18
76      7   80     7  15
147     7   69     9  24
11      7   74     5  11
9       8   61     5   9
94      9   81     8   2
137     9   71     9  14
114     9   72     8  22
73     10   73     7  12
20     11   62     5  20
13     11   66     5  13
22     11   73     5  22
50     12   73     6  19
3      12   74     5   3
141    13   76     9  18
138    13   71     9  15
51     13   76     6  20
144    13   64     9  21
148    14   63     9  25
151    14   75     9  28
14     14   68     5  14
16     14   64     5  16
82     16   74     7  21
95     16   82     8   3
143    16   82     9  20
12     16   69     5  12
15     18   58     5  15
152    18   76     9  29
140    18   67     9  17
4      18   62     5   4
8      19   59     5   8
49     20   65     6  18
87     20   82     7  26
153    20   68     9  30
130    20   80     9   7
47     21   77     6  16
132    21   75     9   9
113    21   77     8  21
135    21   76     9  12
108    22   77     8  16
28     23   67     5  28
145    23   71     9  22
110    23   76     8  18
44     23   82     6  13
131    23   78     9   8
7      23   65     5   7
142    24   68     9  19
133    24   73     9  10
74     27   81     7  13
136    28   77     9  13
105    28   82     8  13
6      28   66     5   6
38     29   82     6   7
149    30   70     9  26
19     30   68     5  19
111    31   78     8  19
24     32   61     5  24
129    32   84     9   6
64     32   81     7   3
17     34   66     5  17
78     35   82     7  17
97     35   85     8   5
2      36   72     5   2
146    36   81     9  23
31     37   76     5  31
48     37   72     6  17
93     39   81     8   1
41     39   87     6  10
67     40   83     7   6
1      41   67     5   1
112    44   78     8  20
104    44   86     8  12
134    44   81     9  11
116    45   79     8  24
29     45   81     5  29
139    46   78     9  16
128    47   87     9   5
77     48   81     7  16
63     49   85     7   2
90     50   86     7  29
88     52   86     7  27
109    59   79     8  17
92     59   81     7  31
79     61   84     7  18
81     63   85     7  20
66     64   83     7   5
91     64   83     7  30
106    65   80     8  14
98     66   87     8   6
40     71   90     6   9
126    73   93     9   3
118    73   86     8  26
120    76   97     8  28
68     77   88     7   7
125    78   92     9   2
96     78   86     8   4
80     79   87     7  19
85     80   86     7  24
89     82   88     7  28
122    84   96     8  30
71     85   89     7  10
123    85   94     8  31
100    89   90     8   8
127    91   93     9   4
124    96   91     9   1
69     97   92     7   8
70     97   92     7   9
86    108   85     7  25
101   110   90     8   9
30    115   79     5  30
121   118   94     8  29
99    122   89     8   7
62    135   84     7   1
117   168   81     8  25
60     NA   77     6  29
58     NA   73     6  27
53     NA   76     6  22
107    NA   79     8  15
25     NA   57     5  25
54     NA   76     6  23
59     NA   80     6  28
65     NA   84     7   4
57     NA   78     6  26
56     NA   75     6  25
103    NA   86     8  11
61     NA   83     6  30
72     NA   82     7  11
150    NA   77     9  27
52     NA   77     6  21
119    NA   88     8  27
35     NA   84     6   4
10     NA   69     5  10
36     NA   85     6   5
102    NA   92     8  10
34     NA   67     6   3
43     NA   92     6  12
55     NA   76     6  24
115    NA   75     8  23
83     NA   81     7  22
42     NA   93     6  11
37     NA   79     6   6
26     NA   58     5  26
39     NA   87     6   8
32     NA   78     6   1
33     NA   74     6   2
75     NA   91     7  14
84     NA   82     7  23
46     NA   79     6  15
45     NA   80     6  14
5      NA   56     5   5
27     NA   57     5  27
 [1] 58 59 60 61 62 63 64 65 66 67 68 69 70 71 72
Levels: 58 59 60 61 62 63 64 65 66 67 68 69 70 71 72
[1] "C" "E" "I" "J" "K"
    Ozone Temp Month Day
21      1   59     5  21
23      4   61     5  23
18      6   57     5  18
76      7   80     7  15
147     7   69     9  24
11      7   74     5  11
9       8   61     5   9
94      9   81     8   2
137     9   71     9  14
114     9   72     8  22
73     10   73     7  12
20     11   62     5  20
13     11   66     5  13
22     11   73     5  22
50     12   73     6  19
3      12   74     5   3
141    13   76     9  18
138    13   71     9  15
51     13   76     6  20
144    13   64     9  21
148    14   63     9  25
151    14   75     9  28
14     14   68     5  14
16     14   64     5  16
82     16   74     7  21
95     16   82     8   3
143    16   82     9  20
12     16   69     5  12
15     18   58     5  15
152    18   76     9  29
140    18   67     9  17
4      18   62     5   4
8      19   59     5   8
49     20   65     6  18
87     20   82     7  26
153    20   68     9  30
130    20   80     9   7
47     21   77     6  16
132    21   75     9   9
113    21   77     8  21
135    21   76     9  12
108    22   77     8  16
28     23   67     5  28
145    23   71     9  22
110    23   76     8  18
44     23   82     6  13
131    23   78     9   8
7      23   65     5   7
142    24   68     9  19
133    24   73     9  10
74     27   81     7  13
136    28   77     9  13
105    28   82     8  13
6      28   66     5   6
38     29   82     6   7
149    30   70     9  26
19     30   68     5  19
111    31   78     8  19
24     32   61     5  24
129    32   84     9   6
64     32   81     7   3
17     34   66     5  17
78     35   82     7  17
97     35   85     8   5
2      36   72     5   2
146    36   81     9  23
31     37   76     5  31
48     37   72     6  17
93     39   81     8   1
41     39   87     6  10
67     40   83     7   6
1      41   67     5   1
112    44   78     8  20
104    44   86     8  12
134    44   81     9  11
116    45   79     8  24
29     45   81     5  29
139    46   78     9  16
128    47   87     9   5
77     48   81     7  16
63     49   85     7   2
90     50   86     7  29
88     52   86     7  27
109    59   79     8  17
92     59   81     7  31
79     61   84     7  18
81     63   85     7  20
66     64   83     7   5
91     64   83     7  30
106    65   80     8  14
98     66   87     8   6
40     71   90     6   9
126    73   93     9   3
118    73   86     8  26
120    76   97     8  28
68     77   88     7   7
125    78   92     9   2
96     78   86     8   4
80     79   87     7  19
85     80   86     7  24
89     82   88     7  28
122    84   96     8  30
71     85   89     7  10
123    85   94     8  31
100    89   90     8   8
127    91   93     9   4
124    96   91     9   1
69     97   92     7   8
70     97   92     7   9
86    108   85     7  25
101   110   90     8   9
30    115   79     5  30
121   118   94     8  29
99    122   89     8   7
62    135   84     7   1
117   168   81     8  25
60     NA   77     6  29
58     NA   73     6  27
53     NA   76     6  22
107    NA   79     8  15
25     NA   57     5  25
54     NA   76     6  23
59     NA   80     6  28
65     NA   84     7   4
57     NA   78     6  26
56     NA   75     6  25
103    NA   86     8  11
61     NA   83     6  30
72     NA   82     7  11
150    NA   77     9  27
52     NA   77     6  21
119    NA   88     8  27
35     NA   84     6   4
10     NA   69     5  10
36     NA   85     6   5
102    NA   92     8  10
34     NA   67     6   3
43     NA   92     6  12
55     NA   76     6  24
115    NA   75     8  23
83     NA   81     7  22
42     NA   93     6  11
37     NA   79     6   6
26     NA   58     5  26
39     NA   87     6   8
32     NA   78     6   1
33     NA   74     6   2
75     NA   91     7  14
84     NA   82     7  23
46     NA   79     6  15
45     NA   80     6  14
5      NA   56     5   5
27     NA   57     5  27
 [1] 58 59 60 61 62 63 64 65 66 67 68 69 70 71 72
Levels: 58 59 60 61 62 63 64 65 66 67 68 69 70 71 72
[1] "C" "E" "I" "J" "K"
  Sepal.Length Sepal.Width Petal.Length Petal.Width Species
1          5.1         3.5          1.4         0.2  setosa
2          4.9         3.0          1.4         0.2  setosa
3          4.7         3.2          1.3         0.2  setosa
4          4.6         3.1          1.5         0.2  setosa
5          5.0         3.6          1.4         0.2  setosa
6          5.4         3.9          1.7         0.4  setosa
  Sepal.Length    Sepal.Width     Petal.Length    Petal.Width          Species  
 Min.   :4.300   Min.   :2.000   Min.   :1.000   Min.   :0.100   setosa    :50  
 1st Qu.:5.100   1st Qu.:2.800   1st Qu.:1.600   1st Qu.:0.300   versicolor:50  
 Median :5.800   Median :3.000   Median :4.350   Median :1.300   virginica :50  
 Mean   :5.843   Mean   :3.057   Mean   :3.758   Mean   :1.199                  
 3rd Qu.:6.400   3rd Qu.:3.300   3rd Qu.:5.100   3rd Qu.:1.800                  
 Max.   :7.900   Max.   :4.400   Max.   :6.900   Max.   :2.500                  
[1] 0
[1] 150   5
'data.frame':	150 obs. of  5 variables:
 $ Sepal.Length: num  5.1 4.9 4.7 4.6 5 5.4 4.6 5 4.4 4.9 ...
 $ Sepal.Width : num  3.5 3 3.2 3.1 3.6 3.9 3.4 3.4 2.9 3.1 ...
 $ Petal.Length: num  1.4 1.4 1.3 1.5 1.4 1.7 1.4 1.5 1.4 1.5 ...
 $ Petal.Width : num  0.2 0.2 0.2 0.2 0.2 0.4 0.3 0.2 0.2 0.1 ...
 $ Species     : Factor w/ 3 levels "setosa","versicolor",..: 1 1 1 1 1 1 1 1 1 1 ...
  Sepal.Length    Sepal.Width     Petal.Length    Petal.Width          Species  
 Min.   :4.300   Min.   :2.000   Min.   :1.000   Min.   :0.100   setosa    :50  
 1st Qu.:5.100   1st Qu.:2.800   1st Qu.:1.600   1st Qu.:0.300   versicolor:50  
 Median :5.800   Median :3.000   Median :4.350   Median :1.300   virginica :50  
 Mean   :5.843   Mean   :3.057   Mean   :3.758   Mean   :1.199                  
 3rd Qu.:6.400   3rd Qu.:3.300   3rd Qu.:5.100   3rd Qu.:1.800                  
 Max.   :7.900   Max.   :4.400   Max.   :6.900   Max.   :2.500                  
[1] 150   5
'data.frame':	150 obs. of  5 variables:
 $ Sepal.Length: num  5.1 4.9 4.7 4.6 5 5.4 4.6 5 4.4 4.9 ...
 $ Sepal.Width : num  3.5 3 3.2 3.1 3.6 3.9 3.4 3.4 2.9 3.1 ...
 $ Petal.Length: num  1.4 1.4 1.3 1.5 1.4 1.7 1.4 1.5 1.4 1.5 ...
 $ Petal.Width : num  0.2 0.2 0.2 0.2 0.2 0.4 0.3 0.2 0.2 0.1 ...
 $ Species     : Factor w/ 3 levels "setosa","versicolor",..: 1 1 1 1 1 1 1 1 1 1 ...
  Sepal.Length    Sepal.Width     Petal.Length    Petal.Width          Species  
 Min.   :4.300   Min.   :2.000   Min.   :1.000   Min.   :0.100   setosa    :50  
 1st Qu.:5.100   1st Qu.:2.800   1st Qu.:1.600   1st Qu.:0.300   versicolor:50  
 Median :5.800   Median :3.000   Median :4.350   Median :1.300   virginica :50  
 Mean   :5.843   Mean   :3.057   Mean   :3.758   Mean   :1.199                  
 3rd Qu.:6.400   3rd Qu.:3.300   3rd Qu.:5.100   3rd Qu.:1.800                  
 Max.   :7.900   Max.   :4.400   Max.   :6.900   Max.   :2.500                  
Sepal.Length  Sepal.Width Petal.Length  Petal.Width 
   0.8280661    0.4358663    1.7652982    0.7622377 
